This is cutadapt 4.4 with Python 3.10.12
Command line parameters: -a AGATCGGAAGAGCACACGTCTGAACTCCAGTCA -A AGATCGGAAGAGCGTCGTGTAGGGAAAGAGTGT -o 7_2E_R1_out.fastq -p 7_2E_R2_out.fastq /projects/bgmp/shared/2017_sequencing/demultiplexed/7_2E_fox_S6_L008_R1_001.fastq.gz /projects/bgmp/shared/2017_sequencing/demultiplexed/7_2E_fox_S6_L008_R2_001.fastq.gz
Processing paired-end reads on 1 core ...
Finished in 30.504 s (5.779 µs/read; 10.38 M reads/minute).

=== Summary ===

Total read pairs processed:          5,278,425
  Read 1 with adapter:                 173,473 (3.3%)
  Read 2 with adapter:                 212,512 (4.0%)
Pairs written (passing filters):     5,278,425 (100.0%)

Total basepairs processed: 1,066,241,850 bp
  Read 1:   533,120,925 bp
  Read 2:   533,120,925 bp
Total written (filtered):  1,063,261,392 bp (99.7%)
  Read 1:   531,725,257 bp
  Read 2:   531,536,135 bp

=== First read: Adapter 1 ===

Sequence: AGATCGGAAGAGCACACGTCTGAACTCCAGTCA; Type: regular 3'; Length: 33; Trimmed: 173473 times

Minimum overlap: 3
No. of allowed errors:
1-9 bp: 0; 10-19 bp: 1; 20-29 bp: 2; 30-33 bp: 3

Bases preceding removed adapters:
  A: 21.6%
  C: 30.3%
  G: 32.4%
  T: 15.5%
  none/other: 0.1%

Overview of removed sequences
length	count	expect	max.err	error counts
3	97285	82475.4	0	97285
4	22139	20618.8	0	22139
5	7102	5154.7	0	7102
6	2604	1288.7	0	2604
7	2232	322.2	0	2232
8	2203	80.5	0	2203
9	2176	20.1	0	2067 109
10	2158	5.0	1	2016 142
11	1962	1.3	1	1862 100
12	1955	0.3	1	1874 81
13	1839	0.1	1	1774 65
14	1693	0.0	1	1624 69
15	1678	0.0	1	1635 43
16	1550	0.0	1	1481 69
17	1581	0.0	1	1515 66
18	1520	0.0	1	1436 81 3
19	1398	0.0	1	1348 47 3
20	1381	0.0	2	1319 49 13
21	1310	0.0	2	1248 54 8
22	1250	0.0	2	1170 66 14
23	1137	0.0	2	1081 47 9
24	1080	0.0	2	1023 54 3
25	1076	0.0	2	1012 54 10
26	973	0.0	2	916 50 7
27	907	0.0	2	844 58 4 1
28	875	0.0	2	821 48 6
29	826	0.0	2	782 40 4
30	739	0.0	3	687 44 4 4
31	702	0.0	3	665 26 6 5
32	625	0.0	3	573 40 6 6
33	605	0.0	3	566 31 6 2
34	547	0.0	3	513 29 5
35	511	0.0	3	475 34 1 1
36	463	0.0	3	423 34 5 1
37	419	0.0	3	390 22 5 2
38	388	0.0	3	364 15 8 1
39	409	0.0	3	384 19 5 1
40	351	0.0	3	328 19 2 2
41	320	0.0	3	287 25 5 3
42	275	0.0	3	247 23 4 1
43	284	0.0	3	265 15 1 3
44	217	0.0	3	201 12 2 2
45	200	0.0	3	186 13 1
46	177	0.0	3	165 10 2
47	188	0.0	3	171 15 2
48	143	0.0	3	131 9 1 2
49	139	0.0	3	129 8 1 1
50	134	0.0	3	126 6 1 1
51	125	0.0	3	113 11 1
52	111	0.0	3	104 4 1 2
53	97	0.0	3	89 7 1
54	86	0.0	3	79 6 1
55	97	0.0	3	88 4 2 3
56	76	0.0	3	70 5 0 1
57	64	0.0	3	59 2 1 2
58	55	0.0	3	52 2 1
59	85	0.0	3	80 4 0 1
60	57	0.0	3	52 3 2
61	62	0.0	3	59 3
62	54	0.0	3	49 3 2
63	57	0.0	3	50 6 0 1
64	46	0.0	3	42 1 2 1
65	43	0.0	3	38 3 1 1
66	38	0.0	3	35 1 1 1
67	34	0.0	3	30 1 1 2
68	38	0.0	3	34 3 0 1
69	41	0.0	3	38 2 1
70	35	0.0	3	29 5 1
71	29	0.0	3	26 3
72	14	0.0	3	12 1 1
73	30	0.0	3	28 2
74	19	0.0	3	17 1 1
75	18	0.0	3	15 2 0 1
76	16	0.0	3	10 4 2
77	9	0.0	3	7 2
78	12	0.0	3	9 1 1 1
79	9	0.0	3	7 0 0 2
80	3	0.0	3	3
81	3	0.0	3	3
82	1	0.0	3	1
84	1	0.0	3	1
85	3	0.0	3	3
87	3	0.0	3	3
88	4	0.0	3	4
89	1	0.0	3	1
91	1	0.0	3	1
92	3	0.0	3	2 1
93	1	0.0	3	1
94	1	0.0	3	1
96	1	0.0	3	1
97	1	0.0	3	1
98	2	0.0	3	2
99	2	0.0	3	2
101	259	0.0	3	6 201 47 5


=== Second read: Adapter 2 ===

Sequence: AGATCGGAAGAGCGTCGTGTAGGGAAAGAGTGT; Type: regular 3'; Length: 33; Trimmed: 212512 times

Minimum overlap: 3
No. of allowed errors:
1-9 bp: 0; 10-19 bp: 1; 20-29 bp: 2; 30-33 bp: 3

Bases preceding removed adapters:
  A: 25.9%
  C: 29.0%
  G: 34.7%
  T: 10.2%
  none/other: 0.1%

Overview of removed sequences
length	count	expect	max.err	error counts
3	127576	82475.4	0	127576
4	27218	20618.8	0	27218
5	7815	5154.7	0	7815
6	3257	1288.7	0	3257
7	2374	322.2	0	2374
8	2233	80.5	0	2233
9	2322	20.1	0	2107 215
10	2296	5.0	1	2043 253
11	2078	1.3	1	1911 167
12	2031	0.3	1	1933 98
13	1884	0.1	1	1831 53
14	1760	0.0	1	1699 61
15	1713	0.0	1	1639 74
16	1583	0.0	1	1514 69
17	1620	0.0	1	1552 68
18	1548	0.0	1	1483 63 2
19	1427	0.0	1	1357 69 1
20	1421	0.0	2	1336 72 13
21	1342	0.0	2	1273 60 9
22	1290	0.0	2	1220 52 18
23	1174	0.0	2	1113 51 10
24	1107	0.0	2	1029 64 14
25	1111	0.0	2	1034 61 16
26	1004	0.0	2	948 46 10
27	943	0.0	2	882 43 18
28	914	0.0	2	849 48 16 1
29	854	0.0	2	791 53 9 1
30	780	0.0	3	715 43 14 8
31	736	0.0	3	678 44 8 6
32	657	0.0	3	597 42 15 3
33	636	0.0	3	573 46 12 5
34	576	0.0	3	532 32 7 5
35	533	0.0	3	482 42 7 2
36	487	0.0	3	452 28 5 2
37	452	0.0	3	411 31 4 6
38	412	0.0	3	371 26 5 10
39	427	0.0	3	388 28 8 3
40	381	0.0	3	331 38 8 4
41	348	0.0	3	313 17 10 8
42	304	0.0	3	271 20 5 8
43	308	0.0	3	272 25 7 4
44	246	0.0	3	219 18 5 4
45	220	0.0	3	202 8 5 5
46	213	0.0	3	185 17 8 3
47	200	0.0	3	181 13 2 4
48	170	0.0	3	143 20 2 5
49	157	0.0	3	143 12 2
50	166	0.0	3	142 12 10 2
51	147	0.0	3	124 14 5 4
52	126	0.0	3	116 7 3
53	125	0.0	3	106 11 2 6
54	101	0.0	3	84 12 4 1
55	120	0.0	3	100 12 5 3
56	101	0.0	3	85 10 3 3
57	88	0.0	3	72 9 5 2
58	75	0.0	3	62 7 3 3
59	107	0.0	3	81 15 4 7
60	72	0.0	3	60 7 2 3
61	74	0.0	3	63 5 3 3
62	72	0.0	3	55 10 5 2
63	72	0.0	3	53 13 3 3
64	60	0.0	3	48 6 3 3
65	58	0.0	3	47 3 5 3
66	50	0.0	3	43 5 2
67	58	0.0	3	46 4 3 5
68	56	0.0	3	49 3 4
69	56	0.0	3	48 5 2 1
70	44	0.0	3	36 5 2 1
71	41	0.0	3	34 4 1 2
72	28	0.0	3	22 4 1 1
73	43	0.0	3	31 5 2 5
74	28	0.0	3	21 3 1 3
75	25	0.0	3	21 1 2 1
76	25	0.0	3	18 5 2
77	15	0.0	3	10 2 1 2
78	13	0.0	3	12 0 1
79	15	0.0	3	12 2 1
80	10	0.0	3	7 1 2
81	5	0.0	3	3 2
82	7	0.0	3	1 2 2 2
83	3	0.0	3	1 0 0 2
84	1	0.0	3	1
85	8	0.0	3	4 1 1 2
87	5	0.0	3	3 0 1 1
88	5	0.0	3	4 0 0 1
89	1	0.0	3	0 1
90	1	0.0	3	0 0 1
91	1	0.0	3	1
92	3	0.0	3	1 2
93	1	0.0	3	1
94	1	0.0	3	1
96	1	0.0	3	0 1
97	1	0.0	3	1
98	2	0.0	3	1 1
99	2	0.0	3	1 1
101	255	0.0	3	6 196 48 5
