This is cutadapt 4.4 with Python 3.10.12
Command line parameters: -a AGATCGGAAGAGCACACGTCTGAACTCCAGTCA -A AGATCGGAAGAGCGTCGTGTAGGGAAAGAGTGT -o 19_3F_R1_out.fastq -p 19_3F_R2_out.fastq /projects/bgmp/shared/2017_sequencing/demultiplexed/19_3F_fox_S14_L008_R1_001.fastq.gz /projects/bgmp/shared/2017_sequencing/demultiplexed/19_3F_fox_S14_L008_R2_001.fastq.gz
Processing paired-end reads on 1 core ...
Finished in 97.385 s (5.957 µs/read; 10.07 M reads/minute).

=== Summary ===

Total read pairs processed:         16,348,255
  Read 1 with adapter:                 546,623 (3.3%)
  Read 2 with adapter:                 676,564 (4.1%)
Pairs written (passing filters):    16,348,255 (100.0%)

Total basepairs processed: 3,302,347,510 bp
  Read 1: 1,651,173,755 bp
  Read 2: 1,651,173,755 bp
Total written (filtered):  3,294,067,204 bp (99.7%)
  Read 1: 1,647,303,006 bp
  Read 2: 1,646,764,198 bp

=== First read: Adapter 1 ===

Sequence: AGATCGGAAGAGCACACGTCTGAACTCCAGTCA; Type: regular 3'; Length: 33; Trimmed: 546623 times

Minimum overlap: 3
No. of allowed errors:
1-9 bp: 0; 10-19 bp: 1; 20-29 bp: 2; 30-33 bp: 3

Bases preceding removed adapters:
  A: 23.6%
  C: 30.4%
  G: 28.3%
  T: 17.7%
  none/other: 0.1%

Overview of removed sequences
length	count	expect	max.err	error counts
3	302874	255441.5	0	302874
4	70131	63860.4	0	70131
5	26599	15965.1	0	26599
6	13011	3991.3	0	13011
7	11300	997.8	0	11300
8	9710	249.5	0	9710
9	9128	62.4	0	8806 322
10	8257	15.6	1	7780 477
11	7592	3.9	1	7285 307
12	6944	1.0	1	6711 233
13	6330	0.2	1	6120 210
14	5898	0.1	1	5694 204
15	5598	0.0	1	5423 175
16	5315	0.0	1	5111 204
17	4834	0.0	1	4649 185
18	4368	0.0	1	4163 198 7
19	3993	0.0	1	3819 172 2
20	3517	0.0	2	3368 130 19
21	3227	0.0	2	3045 164 18
22	3058	0.0	2	2900 135 23
23	2725	0.0	2	2595 116 14
24	2508	0.0	2	2373 123 12
25	2388	0.0	2	2252 117 19
26	2215	0.0	2	2052 141 22
27	2012	0.0	2	1888 110 14
28	1935	0.0	2	1818 101 15 1
29	1720	0.0	2	1613 93 14
30	1562	0.0	3	1475 74 9 4
31	1371	0.0	3	1266 81 12 12
32	1290	0.0	3	1201 61 20 8
33	1200	0.0	3	1103 73 16 8
34	1073	0.0	3	999 62 4 8
35	1010	0.0	3	941 56 9 4
36	1003	0.0	3	939 53 10 1
37	939	0.0	3	873 52 9 5
38	869	0.0	3	822 35 6 6
39	842	0.0	3	773 54 9 6
40	706	0.0	3	651 42 7 6
41	620	0.0	3	576 31 9 4
42	524	0.0	3	490 23 9 2
43	499	0.0	3	458 32 4 5
44	455	0.0	3	418 25 9 3
45	429	0.0	3	402 23 2 2
46	396	0.0	3	372 21 3
47	417	0.0	3	386 23 6 2
48	358	0.0	3	337 18 2 1
49	364	0.0	3	342 16 5 1
50	334	0.0	3	309 21 4
51	244	0.0	3	218 23 2 1
52	261	0.0	3	240 14 3 4
53	218	0.0	3	203 13 1 1
54	213	0.0	3	193 17 1 2
55	191	0.0	3	183 6 1 1
56	174	0.0	3	161 10 2 1
57	179	0.0	3	166 10 1 2
58	142	0.0	3	128 10 1 3
59	130	0.0	3	118 11 1
60	134	0.0	3	117 14 2 1
61	104	0.0	3	94 9 1
62	102	0.0	3	92 6 2 2
63	100	0.0	3	85 10 2 3
64	77	0.0	3	71 4 2
65	60	0.0	3	55 2 0 3
66	49	0.0	3	46 2 1
67	47	0.0	3	44 2 0 1
68	38	0.0	3	32 3 2 1
69	31	0.0	3	29 2
70	33	0.0	3	32 1
71	38	0.0	3	32 3 2 1
72	20	0.0	3	16 3 0 1
73	19	0.0	3	17 2
74	14	0.0	3	11 3
75	26	0.0	3	20 3 3
76	20	0.0	3	18 2
77	15	0.0	3	12 2 1
78	16	0.0	3	13 1 1 1
79	11	0.0	3	11
80	4	0.0	3	4
81	10	0.0	3	8 2
82	14	0.0	3	12 2
83	27	0.0	3	27
84	14	0.0	3	13 1
85	14	0.0	3	12 1 1
86	2	0.0	3	2
87	16	0.0	3	16
88	4	0.0	3	3 0 1
89	17	0.0	3	17
90	3	0.0	3	3
91	10	0.0	3	8 1 0 1
92	4	0.0	3	3 1
93	9	0.0	3	6 3
94	3	0.0	3	3
95	8	0.0	3	7 0 1
96	7	0.0	3	7
97	4	0.0	3	4
98	4	0.0	3	2 1 1
99	3	0.0	3	2 0 1
100	1	0.0	3	1
101	291	0.0	3	7 206 73 5


=== Second read: Adapter 2 ===

Sequence: AGATCGGAAGAGCGTCGTGTAGGGAAAGAGTGT; Type: regular 3'; Length: 33; Trimmed: 676564 times

Minimum overlap: 3
No. of allowed errors:
1-9 bp: 0; 10-19 bp: 1; 20-29 bp: 2; 30-33 bp: 3

Bases preceding removed adapters:
  A: 26.9%
  C: 31.8%
  G: 29.2%
  T: 12.1%
  none/other: 0.0%

Overview of removed sequences
length	count	expect	max.err	error counts
3	400345	255441.5	0	400345
4	93132	63860.4	0	93132
5	30163	15965.1	0	30163
6	14397	3991.3	0	14397
7	11515	997.8	0	11515
8	9864	249.5	0	9864
9	9482	62.4	0	8954 528
10	8645	15.6	1	7910 735
11	7915	3.9	1	7391 524
12	7117	1.0	1	6820 297
13	6429	0.2	1	6238 191
14	5982	0.1	1	5828 154
15	5674	0.0	1	5494 180
16	5387	0.0	1	5223 164
17	4905	0.0	1	4760 145
18	4418	0.0	1	4217 200 1
19	4044	0.0	1	3900 143 1
20	3576	0.0	2	3412 128 36
21	3291	0.0	2	3148 125 18
22	3109	0.0	2	2976 109 24
23	2798	0.0	2	2681 88 29
24	2565	0.0	2	2420 122 23
25	2443	0.0	2	2275 138 30
26	2261	0.0	2	2107 131 23
27	2059	0.0	2	1940 97 21 1
28	1992	0.0	2	1855 112 25
29	1769	0.0	2	1649 103 16 1
30	1613	0.0	3	1503 79 15 16
31	1424	0.0	3	1303 85 24 12
32	1333	0.0	3	1231 83 15 4
33	1263	0.0	3	1166 66 20 11
34	1134	0.0	3	1053 53 14 14
35	1048	0.0	3	967 56 16 9
36	1051	0.0	3	973 52 15 11
37	977	0.0	3	901 61 13 2
38	921	0.0	3	856 39 14 12
39	890	0.0	3	814 55 16 5
40	762	0.0	3	695 41 12 14
41	662	0.0	3	597 45 11 9
42	570	0.0	3	514 33 17 6
43	542	0.0	3	487 37 9 9
44	498	0.0	3	446 32 15 5
45	485	0.0	3	429 35 9 12
46	453	0.0	3	402 34 5 12
47	474	0.0	3	422 32 5 15
48	399	0.0	3	358 30 6 5
49	411	0.0	3	369 29 9 4
50	382	0.0	3	329 27 10 16
51	295	0.0	3	245 27 15 8
52	306	0.0	3	256 25 8 17
53	254	0.0	3	212 26 7 9
54	258	0.0	3	210 23 16 9
55	236	0.0	3	195 20 14 7
56	211	0.0	3	176 24 6 5
57	210	0.0	3	178 22 4 6
58	181	0.0	3	153 15 8 5
59	148	0.0	3	125 14 7 2
60	166	0.0	3	141 12 4 9
61	137	0.0	3	108 17 9 3
62	128	0.0	3	101 16 6 5
63	129	0.0	3	104 11 8 6
64	106	0.0	3	81 12 6 7
65	90	0.0	3	67 9 8 6
66	72	0.0	3	53 6 7 6
67	74	0.0	3	53 14 5 2
68	59	0.0	3	45 6 5 3
69	58	0.0	3	38 9 7 4
70	68	0.0	3	49 8 4 7
71	68	0.0	3	50 8 4 6
72	44	0.0	3	31 8 4 1
73	41	0.0	3	24 11 4 2
74	36	0.0	3	22 6 5 3
75	45	0.0	3	30 7 5 3
76	38	0.0	3	25 7 1 5
77	24	0.0	3	17 3 4
78	27	0.0	3	21 3 1 2
79	27	0.0	3	16 3 3 5
80	11	0.0	3	8 0 2 1
81	18	0.0	3	12 1 2 3
82	16	0.0	3	14 2
83	30	0.0	3	25 2 2 1
84	16	0.0	3	13 2 0 1
85	17	0.0	3	12 3 0 2
86	4	0.0	3	2 1 1
87	17	0.0	3	17
88	4	0.0	3	3 1
89	17	0.0	3	15 2
90	3	0.0	3	3
91	10	0.0	3	8 1 1
92	5	0.0	3	4 0 0 1
93	9	0.0	3	5 4
94	4	0.0	3	3 0 0 1
95	9	0.0	3	8 0 1
96	8	0.0	3	7 0 0 1
97	4	0.0	3	4
98	3	0.0	3	1 2
99	4	0.0	3	3 0 1
100	2	0.0	3	0 0 1 1
101	248	0.0	3	4 202 37 5
