     94 34
   8684 35
   7892 36
   6897 37
   5910 38
   4581 39
   4398 40
   3705 41
   3466 42
   3156 43
   3117 44
   3077 45
   3037 46
   3085 47
   2991 48
   2869 49
   2878 50
   2896 51
   3029 52
   2997 53
   3050 54
   3058 55
   3150 56
   3166 57
   3324 58
   3415 59
   3514 60
 203866 61
1426600 62
2355121 63
   3763 64
   3711 65
   3664 66
   3756 67
   3732 68
   3873 69
   3899 70
   4147 71
   4242 72
   4098 73
   4137 74
   4108 75
   4082 76
   4601 77
   4343 78
   4521 79
   4513 80
   4680 81
   4923 82
   5159 83
   5360 84
   5688 85
   5795 86
   6163 87
   6359 88
   6751 89
   7394 90
   7726 91
   8175 92
   8635 93
   9442 94
  11159 95
  19655 96
  53599 97
 198971 98
  41452 99
 352398 100
6998287 101
