      4 34
    627 35
    641 36
    741 37
    738 38
    726 39
    730 40
    767 41
    733 42
    737 43
    748 44
    750 45
    776 46
    771 47
    829 48
    862 49
    871 50
    929 51
    947 52
    978 53
   1036 54
   1063 55
   1040 56
   1053 57
   1156 58
   1159 59
   1353 60
 202002 61
1423892 62
2352780 63
   1523 64
   1571 65
   1584 66
   1683 67
   1889 68
   1956 69
   2015 70
   2222 71
   2516 72
   2768 73
   2603 74
   2789 75
   2899 76
   3188 77
   3247 78
   3742 79
   3540 80
   3923 81
   3951 82
   4285 83
   4630 84
   4963 85
   5292 86
   5445 87
   5912 88
   6343 89
   6880 90
   7315 91
   7936 92
   8204 93
   9225 94
  10339 95
  17216 96
  40528 97
 151226 98
  26350 99
 221372 100
7329054 101
