    197 35
    198 36
    201 37
    228 38
    249 39
    269 40
    225 41
    261 42
    258 43
    249 44
    280 45
    303 46
    246 47
    247 48
    295 49
    310 50
    310 51
    302 52
    325 53
    353 54
    345 55
    313 56
    364 57
    427 58
    399 59
    443 60
  61751 61
 436576 62
 723673 63
    493 64
    521 65
    593 66
    613 67
    643 68
    746 69
    794 70
    769 71
    889 72
    922 73
   1005 74
    970 75
   1061 76
   1151 77
   1124 78
   1202 79
   1274 80
   1309 81
   1271 82
   1373 83
   1431 84
   1459 85
   1619 86
   1527 87
   1713 88
   1791 89
   1894 90
   1974 91
   2059 92
   2130 93
   2197 94
   2386 95
   4637 96
  12197 97
  46252 98
   7635 99
  64567 100
2255983 101
