     44 34
   5905 35
   5403 36
   4539 37
   3744 38
   2923 39
   2687 40
   2422 41
   2227 42
   2044 43
   1981 44
   1988 45
   1928 46
   1918 47
   1916 48
   1928 49
   1889 50
   1855 51
   1928 52
   1952 53
   1997 54
   1978 55
   2018 56
   2050 57
   2126 58
   2234 59
   2293 60
  63749 61
 438349 62
 725614 63
   2408 64
   2333 65
   2309 66
   2457 67
   2434 68
   2517 69
   2430 70
   2561 71
   2584 72
   2497 73
   2490 74
   2439 75
   2432 76
   2604 77
   2490 78
   2493 79
   2546 80
   2530 81
   2466 82
   2554 83
   2648 84
   2688 85
   2833 86
   2944 87
   2973 88
   3032 89
   3151 90
   3329 91
   3319 92
   3431 93
   3654 94
   4103 95
   6811 96
  17120 97
  61866 98
  23437 99
 154498 100
2016716 101
